		KD1__FREE__	KD1__FREE__	KD1__FREE__	KD1__FREE__	KD1__FREE__	km1__FREE__	km1__FREE__	km1__FREE__	km1__FREE__	K2RT__FREE__	K2RT__FREE__	K2RT__FREE__	km2__FREE__	km2__FREE__	kphos__FREE__
		km1__FREE__	K2RT__FREE__	km2__FREE__	kphos__FREE__	kdephos__FREE__	K2RT__FREE__	km2__FREE__	kphos__FREE__	kdephos__FREE__	km2__FREE__	kphos__FREE__	kdephos__FREE__	kphos__FREE__	kdephos__FREE__	kdephos__FREE__
1st	2nd															
r1	r1	-0.8762159877452144	-0.875766602997094	-0.876006967563407	-0.874901612914562	-0.875533598700064	1.348703762440373e-05	1.3482091926569368e-05	1.3437115954514843e-05	1.3549225056226232e-05	1.4241975373280293e-05	1.4221073822707345e-05	1.4231970650246929e-05	9.824008477451234e-06	9.85625086643838e-06	2.939185561106163e-05
r1	r1_rev	-0.0016875916302399284	0.004160383712568856	0.0008177534773195203	0.0031741983316468363	-2.786123248716679e-05	0.006729357364605886	0.005307477927417944	0.006260354033369941	0.007491170575906312	0.0019750961987284603	0.0018577373015071213	0.0019997924108353395	0.002039112569781891	0.0021044053274159777	0.005506234397661508
r1	r2	0.02208456737293666	0.0195210594058269	0.049145611329887956	0.008055146030490474	0.00705673408249281	0.006758593668638582	0.020899149478805612	0.007955831141781132	0.008015861165952383	0.012896795192573002	0.01265018928573353	0.012363370142804132	0.001887540512044667	-0.0003919409538992621	0.0019721606387995837
r1	r3	0.0	0.0	0.0	0.0	0.0	0.0	0.0	0.0	0.0	0.0	0.0	0.0	0.0	0.0	0.0
r1	r4	-0.8571497496130577	-0.854083509532657	-0.8509392685174502	-0.855110693784728	-0.8558378467172381	-0.0008341841134524334	-0.0009503543696011675	-0.0013291008634742356	-0.0018294952035949079	-0.0018566036976704844	-0.0018138423237113355	-0.0017702209019728236	-0.0008057385499685838	-0.0007910115044022384	-0.0009069611247349094
r1	r5	0.0	0.0	0.0	0.0	0.0	0.0	0.0	0.0	0.0	0.0	0.0	0.0	0.0	0.0	0.0
r1	r6	0.0	0.0	0.0	0.0	0.0	0.0	0.0	0.0	0.0	0.0	0.0	0.0	0.0	0.0	0.0
r1_rev	r1	-0.8925133903597353	-0.8920366079410275	-0.8922761582565635	-0.8911735862308608	-0.8918063774561618	1.3022482986511307e-05	1.3027629116291147e-05	1.2960192334324609e-05	1.3092134358509932e-05	1.4106118734648046e-05	1.4084821831543806e-05	1.4097456059808046e-05	1.0533462274886778e-05	1.056748050121251e-05	2.9779483865830074e-05
r1_rev	r1_rev	-0.0017087513197085156	0.00015415120043973701	-0.002090446427719657	-0.00019759458571559863	-0.0014715411298370582	0.0019548337777118147	0.0014940126054360857	0.0016017849176038306	0.002085686845444495	0.0019338290006337623	0.0018450435183019899	0.0019699855037236974	0.00044727723334791347	0.0005271677188769151	0.0035795172327217424
r1_rev	r2	-0.0012263118980515655	0.003559079688021614	0.00011018037514509368	0.000458500185016142	-0.0009871096682871087	0.0014615948687872016	0.0010774832260597967	0.0011000893281476413	0.0016280784771260885	0.004225739328999152	0.0039903816329169735	0.004189505527641049	-7.344745775106712e-05	0.0001456579628578991	0.004270241380979979
r1_rev	r3	0.0	0.0	0.0	0.0	0.0	0.0	0.0	0.0	0.0	0.0	0.0	0.0	0.0	0.0	0.0
r1_rev	r4	-0.12344605438854403	-0.08086405430970703	-0.1759709569602743	-0.13173913885674546	-0.1324070538920753	-0.0009548098335164235	0.006902190962482457	0.003636375738989054	0.0028138180286960994	-0.002761739776569405	-0.009452313016751417	-0.008069652887751317	-0.01610556525715614	-0.01642411949357592	-0.0028138686663624424
r1_rev	r5	0.0	0.0	0.0	0.0	0.0	0.0	0.0	0.0	0.0	0.0	0.0	0.0	0.0	0.0	0.0
r1_rev	r6	0.0	0.0	0.0	0.0	0.0	0.0	0.0	0.0	0.0	0.0	0.0	0.0	0.0	0.0	0.0
r2	r1	0.0	0.0	0.0	0.0	0.0	0.0	0.0	0.0	0.0	0.0	0.0	0.0	0.0	0.0	0.0
r2	r1_rev	0.0	0.0	0.0	0.0	0.0	0.0	0.0	0.0	0.0	0.0	0.0	0.0	0.0	0.0	0.0
r2	r2	0.010660192067710211	0.01566407121652834	0.01535247269733813	0.0072166478941490374	0.008857117655514859	0.004538097807867014	0.008154212207709614	0.004457280017010618	0.004785396251450389	0.013421311091450484	0.00949702183176526	0.008662059116164269	0.004788474153196434	0.004033908423609903	0.0033599585980750592
r2	r3	0.04503408741577565	0.15142025282807892	0.04572828042435532	0.045729383639804326	0.04508312196705448	0.12721179630196822	0.1502825635110861	0.1502817360383416	0.14998108135457933	-0.12822397560865367	-0.18674963816605844	14.777625634553422	-0.0015555460150420836	-0.0014391209904804358	-0.0016727783656590167
r2	r4	0.0	0.0	0.0	0.0	0.0	0.0	0.0	0.0	0.0	0.0	0.0	0.0	0.0	0.0	0.0
r2	r5	0.011170749046790523	0.24375375779787456	0.011076920883810404	0.011761353186789395	0.011096055393417906	0.05313669568843893	0.04847193145472034	0.05069881700582948	0.04751072285048585	10.983612363062164	-0.4500593303030945	3.0664172225427406	0.15910112677747368	0.1585672866353454	0.006175987338033782
r2	r6	0.0	0.0	0.0	0.0	0.0	0.0	0.0	0.0	0.0	0.0	0.0	0.0	0.0	0.0	0.0
r3	r1	0.0	0.0	0.0	0.0	0.0	0.0	0.0	0.0	0.0	0.0	0.0	0.0	0.0	0.0	0.0
r3	r1_rev	0.0	0.0	0.0	0.0	0.0	0.0	0.0	0.0	0.0	0.0	0.0	0.0	0.0	0.0	0.0
r3	r2	0.017786117540134004	0.09607999136167333	0.05722681386658704	0.025250276380994915	0.022221603927448996	-0.006343468595936819	0.0056564381649752415	-0.010333352826072655	-0.0105143208842538	0.019505913879296982	0.018705050675252573	0.020878932377235798	0.002229820471297324	0.0066499518921307	-0.001790017474181071
r3	r3	-0.0002770127495902559	0.014488192483909534	-0.0002762889862490341	-0.00027752628918626754	-0.0002783645166164598	0.010410151800564815	7.47047151349199e-05	7.40478719588823e-05	7.40780909238394e-05	-0.2053117562906744	-0.19184143636845813	-0.18511980204618955	2.3219722517407624e-05	2.365543621633951e-05	-7.142811487998863e-06
r3	r4	-0.004150804703622686	-0.0017623610051462624	-0.0003929411295822249	-0.0025699434049827733	-0.0025658584552835603	-0.005639351695077344	-0.00230391421460421	-0.002378549610456477	-0.0023797113316046527	0.005318383306561889	0.0065890471827090204	0.006397652312217063	-0.0021216340216629187	-0.002144233894400323	-4.5176763913832354e-05
r3	r5	-0.0002608588790687989	0.014094571222995844	-0.0002588513019973226	-0.00026085385300901674	-0.0002621515656156337	0.008632371848818599	5.300892207485522e-05	5.195285853261884e-05	5.200102891068753e-05	-0.21201605824376119	-0.19477397465592097	-0.18746316501240967	-1.6216191679986935e-05	-1.5597247437104968e-05	1.1149916790393162e-05
r3	r6	0.0	0.0	0.0	0.0	0.0	0.0	0.0	0.0	0.0	0.0	0.0	0.0	0.0	0.0	0.0
r4	r1	0.0	0.0	0.0	0.0	0.0	0.0	0.0	0.0	0.0	0.0	0.0	0.0	0.0	0.0	0.0
r4	r1_rev	0.0	0.0	0.0	0.0	0.0	0.0	0.0	0.0	0.0	0.0	0.0	0.0	0.0	0.0	0.0
r4	r2	0.0	0.0	0.0	0.0	0.0	0.0	0.0	0.0	0.0	0.0	0.0	0.0	0.0	0.0	0.0
r4	r3	-0.00029522737805811906	0.10080546988283029	-0.0002903107720930607	-0.0002947075630231972	-0.00029553822197144955	0.08648818748301107	-0.00021019024634001432	-0.00021289669978428026	-0.00021341727959129397	-0.3187503726255864	-0.014735107629187207	0.04496786258762959	-0.0012813269471132305	-0.0012811546170715179	-0.00021039516382454255
r4	r4	-0.33686117695532125	-0.3806316698430635	-0.47683969119813235	-0.34689855083633137	-0.34712331466312285	-0.0038340514679080784	-0.0015972263103752097	-0.0016444045434758896	-0.0016473526471550417	-0.007182363841823042	-0.003082703641917391	-0.0031408615879333157	-0.004533246707610112	-0.004534740363868196	-8.143499664139083e-05
r4	r5	-0.0003956706374568872	0.1683346371178156	-0.00040475763961532853	-0.0004018630977457877	-0.000332986746626771	0.1435551050959749	-0.00033308056571898156	-0.00031675172088245604	-0.0002175481167424778	-0.07412566967675999	-0.7378179264858812	-0.4808878851517042	0.00285486892587782	0.0029028478012642685	0.0010496195133071833
r4	r6	0.0	0.0	0.0	0.0	0.0	0.0	0.0	0.0	0.0	0.0	0.0	0.0	0.0	0.0	0.0
r5	r1	0.0	0.0	0.0	0.0	0.0	0.0	0.0	0.0	0.0	0.0	0.0	0.0	0.0	0.0	0.0
r5	r1_rev	0.0	0.0	0.0	0.0	0.0	0.0	0.0	0.0	0.0	0.0	0.0	0.0	0.0	0.0	0.0
r5	r2	0.0	0.0	0.0	0.0	0.0	0.0	0.0	0.0	0.0	0.0	0.0	0.0	0.0	0.0	0.0
r5	r3	0.0	0.0	0.0	0.0	0.0	0.0	0.0	0.0	0.0	0.0	0.0	0.0	0.0	0.0	0.0
r5	r4	0.0	0.0	0.0	0.0	0.0	0.0	0.0	0.0	0.0	0.0	0.0	0.0	0.0	0.0	0.0
r5	r5	-0.00015876555047434216	-0.00016692427931616627	-0.0001533661977481038	-0.00015790495395333337	0.007916417787456498	2.5990451069830833e-05	-8.220890258409699e-05	-8.064736297582788e-05	0.006925604585264256	-0.004185145897734983	-0.015451571685523684	-0.005946262033231231	0.0003979383750879091	0.005063236482557687	-0.04359697722524419
r5	r6	-8.784205263104055e-05	-2.3813532694509513e-05	-8.797989913005607e-05	0.02237502912429168	-8.61280463547202e-05	6.259599623283508e-05	-2.392995885439236e-05	0.005420278912191656	-2.325944938087675e-05	-0.0018559773498812865	0.2597471029751227	0.006818709318035358	0.009147933751673665	-5.335150014147699e-06	0.45717005032200847
r6	r1	0.0	0.0	0.0	0.0	0.0	0.0	0.0	0.0	0.0	0.0	0.0	0.0	0.0	0.0	0.0
r6	r1_rev	0.0	0.0	0.0	0.0	0.0	0.0	0.0	0.0	0.0	0.0	0.0	0.0	0.0	0.0	0.0
r6	r2	0.0	0.0	0.0	0.0	0.0	0.0	0.0	0.0	0.0	0.0	0.0	0.0	0.0	0.0	0.0
r6	r3	0.0	0.0	0.0	0.0	0.0	0.0	0.0	0.0	0.0	0.0	0.0	0.0	0.0	0.0	0.0
r6	r4	0.0	0.0	0.0	0.0	0.0	0.0	0.0	0.0	0.0	0.0	0.0	0.0	0.0	0.0	0.0
r6	r5	-7.177804169312473e-05	-7.044082722226357e-05	-7.176916416182321e-05	-7.151945534334834e-05	0.0028258981838881134	1.5771295791481134e-05	1.346790411729376e-05	1.402860869125107e-05	0.0015937566699751604	-0.0004452995782836352	-0.0004591884035422982	0.002911096909478897	-6.815313757631422e-05	0.0012106113826569065	-0.018903953368220185
r6	r6	-0.00023987450389360816	5.6144460121948514e-05	-0.00024009900630845394	0.01063418065690691	-0.00022053614300832514	3.077402533223361e-05	-2.6963759822545017e-06	0.0025642692274953083	-3.1727136770229314e-07	-0.023673703417683156	0.14322342682946698	0.04344294362396343	0.0007458556579356124	0.0001472139346810281	0.14180040690560825
